66,674,1314,674,1314,755,66,755,LAVENDER CONFECTIONERY & BAKERY S/B
324,752,1057,752,1057,839,324,839,COMPANY NO: 499702-V
48,836,1346,836,1346,923,48,923,LOT G29 & G30, AEON MALL TEBRAU CITY,
258,926,1133,926,1133,1009,258,1009,NO. 1, JALAN DESA TEBRAU,
40,1012,1344,1012,1344,1092,40,1092,TAMAN DESA TEBRAU, 81100 JOHOR BAHRU.
396,1095,998,1095,998,1175,396,1175,TEL : 07-364 3785
290,1181,1101,1181,1101,1259,290,1259,GST ID NO: 001872379904
287,1255,1070,1255,1070,1342,287,1342,TAX INVOICE
20,1438,579,1438,579,1513,20,1513,14/04/2018 16:14
917,1429,1420,1429,1420,1513,917,1513,B999215
4,1528,128,1528,128,1609,4,1609,QTY
253,1516,678,1516,678,1609,253,1609,DESCRIPTIONS
1187,1519,1420,1519,1420,1594,1187,1594,AMOUNT
4,1696,54,1696,54,1774,4,1774,1
254,1694,787,1694,787,1767,254,1767,EUROPEAN WALNUT
1256,1687,1492,1687,1492,1758,1256,1758,6.50 T
1,1774,51,1774,51,1852,1,1852,1
254,1777,994,1777,994,1857,254,1857,ORANGE PEEL CHOCOLATE
1272,1770,1490,1770,1490,1843,1272,1843,5.80 T
5,1953,47,1953,47,2029,5,2029,2
247,1939,596,1939,596,2019,247,2019,TOTAL
1072,1939,1414,1939,1414,2014,1072,2014,12.30
249,2025,410,2025,410,2103,249,2103,CASH
1231,2025,1424,2025,1424,2090,1231,2090,20.00
249,2112,674,2112,674,2183,249,2183,CHANGE
1131,2100,1423,2100,1423,2187,1131,2187,7.70
253,2193,678,2193,678,2276,253,2276,INCL. 6% GST
1268,2187,1412,2187,1412,2265,1268,2265,0.70
312,2358,1129,2358,1129,2439,312,2439,PRICES INCLUSIVE 6% GST
2,2544,407,2544,407,2628,2,2628,GST SUMMARY
843,2538,1070,2538,1070,2613,843,2613,AMOUNT
1303,2524,1417,2524,1417,2610,1303,2610,TAX
4,2624,215,2624,215,2695,4,2695,T: GST
877,2615,1066,2615,1066,2690,877,2690,11.60
1256,2615,1417,2615,1417,2693,1256,2693,0.70
-8,2709,480,2709,480,2787,-8,2787,Z: ZERO RATED
915,2704,1064,2704,1064,2784,915,2784,0.00
1265,2704,1417,2704,1417,2777,1265,2777,0.00
9,2880,182,2880,182,2966,9,2966,SIGN:
336,2961,1029,2961,1029,3041,336,3041,WWW.LAVENDER.COM.MY
526,3038,892,3038,892,3116,526,3116,THANK YOU.
4,3215,1228,3215,1228,3290,4,3290,1. ALL SALES ARE FINAL. GOODS SOLD
113,3292,1371,3292,1371,3376,113,3376,ARE NOT REFUNDABLE NOR EXCHANGEABLE.
-21,3382,1140,3382,1140,3460,-21,3460,2. OUR PRODUCTS CONTAIN NO ADDED
110,3463,1396,3463,1396,3544,110,3544,PRESERVATIVES, PLEASE CONSUME WITHIN
94,3556,1029,3556,1029,3627,94,3627,A DAY OR KEEP ACCORDING TO
109,3642,1137,3642,1137,3721,109,3721,RECOMMENDATIONS ON PACKAGING.
-5,3718,1231,3718,1231,3802,-5,3802,3. FOR FEEDBACK, PLEASE RETAIN THIS
94,3805,1196,3805,1196,3886,94,3886,TAX INVOICE, SEEK STORE MANAGER
106,3891,1196,3891,1196,3971,106,3971,ASSISTANCE OR DROP US AN EMAIL.
4,3972,1175,3972,1175,4047,4,4047,4. TAX INVOICE CAN ONLY BE ISSUED
100,4066,1327,4066,1327,4144,100,4144,ON THE PURCHASE DATE, AMENDMENT IS
107,4137,949,4137,949,4230,107,4230,NOT ALLOWED ONCE ISSUED.
-5,4314,824,4314,824,4398,-5,4398,CSH:C1337 LEE FING TING
-8,4392,778,4392,778,4476,-8,4476,POS:TC12 SHF:201804141
133,78,1088,78,1088,569,133,569,LAVENDER
