339,329,1301,329,1301,423,339,423,AEON CO. (M) BHD (126926-H)
303,430,1344,430,1344,519,303,519,3RD FLR, AEON TAMAN MALURI SC
372,524,1248,524,1248,611,372,611,JLN JEJAKA, TAMAN MALURI
333,624,1280,624,1280,714,333,714,CHERAS, 55100 KUALA LUMPUR
433,727,1212,727,1212,809,433,809,GST ID : 002017394688
584,820,1096,820,1096,909,584,909,SHOPPING HOURS
338,916,1311,916,1311,1009,338,1009,SUN-THU:1000 HRS - 2230 HRS
341,1015,1315,1015,1315,1111,341,1111,FRI-SAT:1000 HRS - 2300 HRS
20,1128,992,1128,992,1212,20,1212,VALUED CUSTOMER: 1190052101
137,1318,671,1318,671,1405,137,1405,1X 000008541987
1219,1310,1447,1310,1447,1392,1219,1392,7.00ZR
235,1416,637,1416,637,1500,235,1500,SA MIX PLUM
134,1518,670,1518,670,1600,134,1600,1X 000002009131
1221,1503,1449,1503,1449,1587,1221,1587,7.50ZR
238,1616,676,1616,676,1700,238,1700,R.GALA APPLE
139,1714,663,1714,663,1793,139,1793,1X 000001058621
1219,1705,1447,1705,1447,1784,1219,1784,9.85SR
240,1811,745,1811,745,1895,240,1895,FOUR SEAS SEAW
134,1909,675,1909,675,1996,134,1996,1X 000001038556
1192,1902,1452,1902,1452,1981,1192,1981,16.50SR
233,2005,702,2005,702,2089,233,2089,CHEK HUP 2IN1
238,2101,849,2101,849,2197,238,2197,ITEM PROMO @12.99
1178,2101,1370,2101,1370,2180,1178,2180,-3.51
139,2207,670,2207,670,2291,139,2291,1X 000007634147
1221,2190,1452,2190,1452,2279,1221,2279,7.50ZR
233,2303,702,2303,702,2387,233,2387,TOMATO AMOROS
139,2402,670,2402,670,2486,139,2486,1X 000007570247
1190,2392,1452,2392,1452,2483,1190,2483,12.50ZR
238,2501,777,2501,777,2588,238,2588,FRANCE GREEN KI
137,2600,675,2600,675,2680,137,2680,1X 000004291008
1219,2590,1450,2590,1450,2672,1219,2672,4.80ZR
233,2698,779,2698,779,2780,233,2780,T. CHERRY HONEY
136,2790,677,2790,677,2877,136,2877,1X 000000135412
1197,2781,1444,2781,1444,2877,1197,2877,15.90SR
231,2895,709,2895,709,2979,231,2979,SUSHI SET-PTC
126,2997,679,2997,679,3078,126,3078,1X 000000381093
1218,2991,1452,2991,1452,3068,1218,3068,4.33ZR
233,3092,745,3092,745,3179,233,3179,JAMBU AIR MADU
126,3190,674,3190,674,3273,126,3273,1X 000000388658
1218,3183,1449,3183,1449,3272,1218,3272,2.50ZR
232,3284,778,3284,778,3375,232,3375,CUT FRUITS 1.99
136,3387,674,3387,674,3467,136,3467,1X 000000820868
1216,3381,1444,3381,1444,3460,1216,3460,8.00ZR
233,3486,704,3486,704,3573,233,3573,ZA M/N BEAUTY
136,3585,676,3585,676,3668,136,3668,1X 000000381000
1222,3576,1463,3576,1463,3666,1222,3666,4.61ZR
235,3684,778,3684,778,3771,235,3771,CAVANDISH BANAN
134,3781,678,3781,678,3868,134,3868,1X 000002003191
1189,3769,1456,3769,1456,3859,1189,3859,10.90ZR
233,3877,565,3877,565,3971,233,3971,BLUEBERRY
137,3979,676,3979,676,4061,137,4061,1X 000000532075
1224,3965,1450,3965,1450,4061,1224,4061,3.90SR
235,4070,794,4070,794,4166,235,4166,EGG KANI MAYO S
132,4174,671,4174,671,4263,132,4263,1X 000000512077
1213,4167,1451,4167,1451,4254,1213,4254,3.00SR
235,4275,778,4275,778,4362,235,4362,COLESLAW SANDWI
131,4372,674,4372,674,4457,131,4457,1X 000008202802
1215,4363,1448,4363,1448,4453,1215,4453,7.50SR
231,4468,778,4468,778,4551,231,4551,WANFA DRIED FIS
19,4665,358,4665,358,4748,19,4748,SUB-TOTAL
1227,4656,1446,4656,1446,4747,1227,4747,122.78
19,4761,751,4761,751,4851,19,4851,TOTAL SALES INCL GST
1216,4758,1449,4758,1449,4842,1216,4842,122.78
19,4869,457,4869,457,4960,19,4960,ROUNDING ADJ
1285,4864,1447,4864,1447,4944,1285,4944,0.02
28,4960,884,4960,884,5053,28,5053,TOTAL AFTER ADJ INCL GST
1224,4957,1450,4957,1450,5043,1224,5043,122.80
21,5064,184,5064,184,5150,21,5150,CASH
1215,5057,1444,5057,1444,5144,1215,5144,200.00
29,5167,508,5167,508,5252,29,5252,ITEM COUNT 16
648,5160,1024,5160,1024,5250,648,5250,CHANGE AMT
1247,5154,1448,5154,1448,5244,1247,5244,77.20
148,5253,1279,5253,1279,5340,148,5340,INVOICE NO: 2018040110100050063
17,5357,433,5357,433,5451,17,5451,GST SUMMARY
722,5354,952,5354,952,5440,722,5440,AMOUNT
1319,5349,1455,5349,1455,5436,1319,5436,TAX
19,5448,294,5448,294,5540,19,5540,SR @ 6%
757,5454,959,5454,959,5539,757,5539,50.13
1281,5448,1442,5448,1442,5535,1281,5535,3.01
17,5554,289,5554,289,5638,17,5638,ZR @ 0%
762,5549,952,5549,952,5633,762,5633,69.64
1281,5547,1445,5547,1445,5629,1281,5629,0.00
17,5650,212,5650,212,5734,17,5734,TOTAL
728,5648,959,5648,959,5730,728,5730,119.77
1283,5645,1444,5645,1444,5732,1283,5732,3.01
18,5748,612,5748,612,5840,18,5840,01/04/2018 12:53
869,5741,1449,5741,1449,5832,869,5832,1010 005 0050063
16,5850,676,5850,676,5936,16,5936,0306651 PJ NUR AYU
513,6048,1100,6048,1100,6131,513,6131,AEON PERMAS JAYA
373,6136,1227,6136,1227,6223,373,6223,TEL 1-300-80-AEON (2366)
304,6228,1302,6228,1302,6322,304,6322,THANK YOU FOR YOUR PATRONAGE
470,6330,1103,6330,1103,6422,470,6422,PLEASE COME AGAIN
